"hamsters" <-
structure(list(hib = c(0, 0, 0, 0, 0, 0, 0, 0, 0, 0, 0, 1, 1, 
1, 1, 1, 1, 1, 1, 2, 2, 2, 3, 3, 4, 4, 4, 6, 6, 6, 6, 7, 8, 8, 
9, 9, 9, 9, 9, 10, 10, 10, 11, 11, 11, 11, 11, 12, 12, 12, 12, 
12, 12, 12, 12, 12, 13, 13, 13, 13, 14, 14, 14, 14, 14, 14, 14, 
14, 14, 14, 14, 15, 15, 15, 15, 15, 15, 16, 16, 16, 16, 16, 17, 
17, 17, 17, 18, 18, 18, 18, 18, 18, 18, 18, 18, 19, 19, 19, 19, 
20, 20, 20, 20, 20, 20, 21, 21, 21, 21, 21, 21, 22, 22, 22, 23, 
23, 23, 23, 23, 23, 23, 23, 24, 24, 24, 24, 25, 25, 25, 25, 25, 
26, 26, 27, 28, 28, 28, 29, 29, 29, 29, 30, 32, 33), life = c(116, 
612, 711, 744, 760, 579, 562, 545, 496, 364, 314, 826, 975, 893, 
826, 727, 678, 579, 430, 826, 860, 1074, 760, 975, 959, 810, 
678, 397, 496, 727, 1008, 1058, 876, 975, 975, 810, 711, 678, 
446, 579, 694, 810, 1107, 826, 760, 744, 727, 1207, 1124, 876, 
843, 826, 793, 545, 364, 264, 1289, 1140, 678, 446, 1289, 1273, 
1157, 1132, 1124, 1107, 893, 884, 876, 860, 760, 1223, 1107, 
843, 760, 711, 512, 1388, 826, 810, 777, 331, 760, 893, 909, 
1289, 1289, 1207, 1124, 1058, 1041, 1008, 909, 860, 562, 545, 
1008, 1174, 1438, 1256, 1174, 1140, 1074, 810, 711, 1223, 1140, 
992, 942, 860, 843, 645, 727, 1107, 1421, 1306, 1273, 1256, 1174, 
1074, 1025, 760, 1587, 1504, 1289, 1041, 909, 1190, 1207, 1256, 
1587, 760, 1091, 1372, 264, 1107, 1124, 760, 1107, 1273, 1620, 
760, 1355, 1074)), .Names = c("hib", "life"), row.names = c("1", 
"2", "3", "4", "5", "6", "7", "8", "9", "10", "11", "12", "13", 
"14", "15", "16", "17", "18", "19", "20", "21", "22", "23", "24", 
"25", "26", "27", "28", "29", "30", "31", "32", "33", "34", "35", 
"36", "37", "38", "39", "40", "41", "42", "43", "44", "45", "46", 
"47", "48", "49", "50", "51", "52", "53", "54", "55", "56", "57", 
"58", "59", "60", "61", "62", "63", "64", "65", "66", "67", "68", 
"69", "70", "71", "72", "73", "74", "75", "76", "77", "78", "79", 
"80", "81", "82", "83", "84", "85", "86", "87", "88", "89", "90", 
"91", "92", "93", "94", "95", "96", "97", "98", "99", "100", 
"101", "102", "103", "104", "105", "106", "107", "108", "109", 
"110", "111", "112", "113", "114", "115", "116", "117", "118", 
"119", "120", "121", "122", "123", "124", "125", "126", "127", 
"128", "129", "130", "131", "132", "133", "134", "135", "136", 
"137", "138", "139", "140", "141", "142", "143", "144"), class = "data.frame")
